0 230.2585092994045684017991453
1 230.0581746255502949029272163
2 229.7668052258637128104816176
3 229.7668052258637128104816176
4 229.8578399516960214040552872
5 229.8578399516960214040552872
6 229.8578399516960214040552872
7 229.8578399516960214040552872
8 229.8578399516960214040552872
9 229.5552970176093806850809962
10 229.2527540835227399661067051
11 232.2669153735742342563828068
12 232.2669153735742342563828068
13 232.2669153735742342563828068
14 235.7089471702481619944579413
15 237.4824478172104451771153077
16 251.3245240702755454303952932
17 252.4090842490092337627253696
18 258.0955923613773068586123881
19 267.7664532607930365744974130
20 269.2573664070799830282567074
21 266.1624159827959089296959192
22 270.2472133343325396370612138
23 270.4587215425868717624618352
24 272.4616998534653697502885933
25 274.5817944952802719319868873
26 277.5959557853317662222629890
27 278.3447734015553092196625496
28 280.9469528561733853667644538
29 280.7102844123103972619750552
30 282.7422667599260240371976288
31 284.9044808040261684890627187
32 284.9044808040261684890627187
33 284.9044808040261684890627187
34 284.7791532314903757602379771
35 285.6290840832976050597846538
36 284.8289500633652448000764025
37 284.3168008910046899074662405
38 287.0201681442025180393373080
39 294.2575298627069123440968888
40 295.4874762204097609078464607
41 295.1796444763567648410169131
42 295.1796444763567648410169131
43 294.5871748635502638987022449
44 294.8819658050512121653828592
45 297.6846188868483743302583395
46 302.0961735094237521832755507
47 301.3575089659476525770714838
48 305.5715522541446145038906056
49 303.9195854124246069928709272
50 303.9195854124246069928709272
51 303.5797873388338120470700774
52 305.5585513127602036082192099
53 301.1019895580949790760817633
54 301.1019895580949790760817633
55 303.7382746786254724873735064
56 303.1499750010633237430287568
57 307.6486561580137905453329993
58 307.9173307925822144335712376
59 307.7498838177611794345797000
60 310.2808999721892476196414553
61 310.1733630408228881472062994
62 312.6061536894718744390743780
63 315.1952923415379027860273491
64 316.5235786291835358300701822
65 319.1059111873204212774406281
66 320.4229840793983587904772314
67 320.4229840793983587904772314
68 320.6775575885944827387558003
69 320.6775575885944827387558003
70 323.8709990135753777217779408
71 323.8709990135753777217779408
72 323.7325560754914715101822188
73 325.4176968891929600065676314
74 327.0976144105377536901658155
75 329.1385563931827550240764977
76 329.1385563931827550240764977
77 333.4358824146263330921756125
78 334.7529553067042706052122157
79 336.1392496678241612240466799
80 334.8221767757462237110100767
81 336.1392496678241612240466799
82 338.3014637119243056759117698
83 333.2795344112092910370907201
84 331.7727021773386300501497042
85 331.7727021773386300501497042
86 334.6948328090663104433209999
87 337.2147499920903856844761099
88 337.0211468491691894025646588
89 338.8614678850116747521180693
90 338.8614678850116747521180693
91 338.7632423792325928589243927
92 336.9229213433901075093709823
93 336.9229213433901075093709823
94 335.5366269822702168905365180
95 331.7175419725013399798339751
96 334.5012296661451141614095488
97 341.4878616765818573258975991
98 341.7405332157975633224114176
99 342.4893508320211063198109781
100 344.8708250769612753493703662
101 345.2106231505520702951712160
102 347.7126352682430096928371557
103 347.7576424003328563719573911
104 351.5767274101017332826599340
105 354.0787395277926726803258737
106 355.1944572843637214591573492
107 356.6499731145255651837896744
108 357.5532367641857322845093769
109 361.1888717037808563044959624
110 362.0519179211361990868136194
111 362.0519179211361990868136194
112 363.4382122822560897056480836
113 360.5673980542372265747854786
114 360.5673980542372265747854786
115 361.9536924153571171936199428
116 361.9536924153571171936199428
117 362.5751660649007469233304266
118 362.5751660649007469233304266
119 362.5751660649007469233304266
120 365.5312048573142810517153125
121 364.9387352445077801094006443
122 364.9387352445077801094006443
123 363.0291927396233416540493728
124 363.0291927396233416540493728
125 363.0291927396233416540493728
126 363.6216623524298425963640410
127 366.6648276792184656740359583
128 364.4847085697851853786816981
129 362.7586161350744998140463840
130 362.7586161350744998140463840
131 364.4847085697851853786816981
132 363.6216623524298425963640410
133 365.0079567135497332151985053
134 365.5312048573142810517153125
135 370.2825575534804538505333735
136 372.1068754939702213083623641
137 373.7637464596389537671998171
138 375.1500408207588443860342814
139 374.6267926769942965495174741
140 374.3741211377785905530036557
141 372.1247805593033571518515344
142 375.4206174253076862260372702
143 374.8973692815431383895204629
144 375.2192622898007974918321424
145 375.1500408207588443860342814
146 375.4898388943496393318351312
147 376.9453547245114830564674564
148 378.3316490856313736753019206
149 378.6714471592221686211027704
150 377.3703773624969489997905871
151 375.9148615323351052751582618
152 375.3916133885705574386414546
153 380.3264161549104831281754730
154 382.2359586597949215835267444
155 382.2359586597949215835267444
156 380.5098662250842360188914304
157 379.9866180813196881823746232
158 378.4458776867631734602200171
159 377.0595833256432828413855528
160 377.0595833256432828413855528
161 377.0595833256432828413855528
162 374.2869946034035016037166243
163 375.6732889645233922225510886
164 378.4458776867631734602200171
165 377.9226295429986256237032098
166 377.0595833256432828413855528
167 375.9438655690722340625540774
168 376.2836636426630290083549272
169 383.2151354482624821025272484
170 385.9698191051691274967070065
171 387.3561134662890181155414708
172 381.2876878780449078036868066
173 381.2876878780449078036868066
174 381.2876878780449078036868066
175 379.1254738339447633518217167
176 381.9672840252264976952885062
177 381.9672840252264976952885062
178 384.3308532048335308813587239
179 384.6014298093823727213617126
180 384.6014298093823727213617126
181 385.7171475659534215001931881
182 385.1938994221888736636763809
183 385.1938994221888736636763809
184 382.4213106999490924260074524
185 382.9445588437136402625242596
186 383.4678069874781880990410668
187 383.4678069874781880990410668
188 381.2184664090029546978889456
189 379.8321720478830640790544813
190 382.0815126263582974802066026
191 384.0602766002846890413557351
192 383.7204785266938940955548853
193 384.0602766002846890413557351
194 384.8541013485980787178755311
195 388.1499382146024077920612668
196 387.0163153926982231697406210
197 384.7669748142229897685884997
198 386.1532691753428803874229640
199 387.5395635364627710062574282
200 387.2176705282051119039457488
201 387.2176705282051119039457488
202 387.2176705282051119039457488
203 389.7889041149380044074095495
204 389.7889041149380044074095495
205 391.6984466198224428627608209
206 389.7889041149380044074095495
207 391.1751984760578950262440137
208 390.2139267529234703507326801
209 386.9180898869191412765469444
210 386.3256202741126403342322762
211 383.2824549473240172565603589
212 384.1455011646793600388780159
213 384.1455011646793600388780159
214 387.4413380306836891130637516
215 386.0550436695637984942292874
216 386.0550436695637984942292874
217 387.4413380306836891130637516
218 386.3948417431545934400301372
219 389.5362325757222984108957310
220 393.3553175854911753215982740
221 391.9690232243712847027638097
222 394.2183638028465181039159310
223 393.6951156590819702673991238
224 392.8320694417266274850814667
225 393.6951156590819702673991238
226 393.1718675153174224308823165
227 391.7855731541975318120478523
228 398.1937968160324370697033663
229 398.1937968160324370697033663
230 399.3095145726034858485348417
231 397.9232202114835952297003775
232 398.6299184254218959569331422
233 398.2901203518311010111322924
234 399.6764147129509916299667566
235 404.3585459400752113229869566
236 404.3585459400752113229869566
237 403.8352977963106634864701493
238 403.8352977963106634864701493
239 402.4490034351907728676356851
240 399.1531665691864437934499494
241 401.0627090740708822488012208
242 400.5394609303063344122844136
243 402.7888015087815678134365349
244 402.7888015087815678134365349
245 402.4490034351907728676356851
246 402.4490034351907728676356851
247 400.0162127865417865757676064
248 401.4025071476616771946020706
249 396.4677043813217515050680522
250 402.2655533650170199769197276
251 401.7423052212524721404029204
252 402.6053514386078149227205774
253 400.6958089337233764673693060
254 401.7423052212524721404029204
255 398.9697164990126909027339920
256 402.2655533650170199769197277
257 402.2655533650170199769197277
258 399.4929646427772387392507992
259 399.4929646427772387392507992
260 401.4025071476616771946020707
261 401.4025071476616771946020707
262 402.7888015087815678134365349
263 402.4490034351907728676356851
264 401.5859572178354300853180281
265 402.9722515789553207041524924
266 402.9722515789553207041524924
267 404.3585459400752113229869566
268 403.2428281835041625441554811
269 401.3332856786197240888042097
270 401.3332856786197240888042097
271 399.9469913174998334699697454
272 403.2428281835041625441554811
273 404.6291225446240531629899454
274 407.0619131932730394548580241
275 407.0619131932730394548580241
276 405.6756188321531488360235598
277 403.7660763272687103806722883
278 401.5167357487934769795201671
279 401.5167357487934769795201671
280 403.4262782536779154348714386
281 403.4262782536779154348714386
282 404.2893244710332582171890956
283 402.6503585706976616018408129
284 405.1523706883886009995067526
285 402.9722515789553207041524923
286 402.9722515789553207041524923
287 402.9722515789553207041524923
288 402.9722515789553207041524923
289 402.9722515789553207041524923
290 404.3585459400752113229869566
291 402.7888015087815678134365349
292 402.7888015087815678134365349
293 399.4929646427772387392507992
294 400.8792590038971293580852634
295 398.4464683552481430662171847
296 398.4464683552481430662171847
297 398.4464683552481430662171847
298 398.9697164990126909027339920
299 400.0162127865417865757676064
300 397.7668722080665531746154852
301 399.6764147129509916299667566
302 399.6764147129509916299667566
303 402.4490034351907728676356851
304 401.0627090740708822488012209
305 401.0627090740708822488012209
306 397.6976507390246000688176241
307 396.5819329824535512899861487
308 394.4018138730202709946318884
309 397.1051811262180991265029559
310 400.4702394612643813064865526
311 399.9469913174998334699697454
312 398.5606969563799428511352812
313 399.0839451001444906876520884
314 397.6976507390246000688176241
315 397.1744025952600522323008169
316 396.6511544514955043957840097
317 395.2648600903756137769495455
318 395.2648600903756137769495455
319 393.3553175854911753215982740
320 391.4457750806067368662470025
321 391.1059770070159419204461527
322 393.3553175854911753215982740
323 392.4922713681358325392806170
324 391.1059770070159419204461527
325 394.7416119466110659404327382
326 394.7416119466110659404327382
327 391.1059770070159419204461527
328 391.6984466198224428627608209
329 392.5614928371777856450784780
330 396.1971277767729096650650634
331 394.8108334156530190462305992
332 396.7203759205374575015818707
333 399.4929646427772387392507992
334 399.4929646427772387392507992
335 399.4929646427772387392507992
336 399.8327627163680336850516490
337 397.9232202114835952297003775
338 398.9697164990126909027339920
339 403.6518477261369105957541919
340 406.0846383747858968876222706
341 405.5613902310213490511054634
342 408.3339789532611302887743919
343 407.8107308094965824522575846
344 407.9941808796703353429735421
345 408.5174290234348831794903493
346 407.1311346623149925606558851
347 410.4269715283193216348416208
348 410.7667696019101165806424706
349 407.4709327359057875064567349
350 407.8107308094965824522575846
351 403.6518477261369105957541919
352 403.1285995823723627592373847
353 402.4490034351907728676356851
354 402.9722515789553207041524923
355 402.9722515789553207041524923
356 402.9722515789553207041524923
357 401.8565338223842719253210169
358 401.8565338223842719253210169
359 401.8565338223842719253210169
360 398.5606969563799428511352812
361 400.4702394612643813064865526
362 401.3332856786197240888042097
363 399.9469913174998334699697454
364 403.5826262570949574899563309
365 404.9689206182148481087907952
366 404.9689206182148481087907952
367 408.2647574842191771829765309
368 406.8784631230992865641420666
369 404.6291225446240531629899454
370 404.6291225446240531629899454
371 403.2428281835041625441554811
372 404.6291225446240531629899454
373 404.6291225446240531629899454
374 403.5826262570949574899563309
375 403.3120496525461156499533421
376 405.9011883046121439969063132
377 407.2874826657320346157407774
378 407.2874826657320346157407774
379 408.6737770268519252345752416
380 410.5833195317363636899265131
381 410.5833195317363636899265131
382 410.5833195317363636899265131
383 409.1970251706164730710920489
384 410.7667696019101165806424706
385 405.5613902310213490511054634
386 405.5613902310213490511054634
387 405.9011883046121439969063132
388 407.2874826657320346157407774
389 405.9011883046121439969063132
390 409.5368232442072680168928987
391 409.0135751004427201803760914
392 409.5368232442072680168928987
393 409.1970251706164730710920489
394 408.6737770268519252345752416
395 409.1970251706164730710920489
396 407.8107308094965824522575846
397 407.8107308094965824522575846
398 410.2435214581455687441256633
399 409.1970251706164730710920489
400 409.1970251706164730710920489
401 414.4024045415052406006290561
402 416.3119470463896790559803275
403 414.9256526852697884371458633
404 412.6763121067945550359937420
405 411.8132658894392122536760850
406 411.2900177456746644171592778
407 407.9941808796703353429735421
408 407.1311346623149925606558850
409 407.1311346623149925606558850
410 407.1311346623149925606558850
411 403.3120496525461156499533421
412 406.0846383747858968876222706
413 406.0846383747858968876222706
414 407.9941808796703353429735421
415 404.6983440136660062687878064
416 404.6983440136660062687878064
417 404.6983440136660062687878064
418 406.9476845921412396699399276
419 406.4244364483766918334231204
420 405.5613902310213490511054634
421 403.6518477261369105957541919
422 405.0381420872568012145886562
423 406.4244364483766918334231204
424 406.4244364483766918334231204
425 406.4244364483766918334231204
426 407.2874826657320346157407774
427 406.4244364483766918334231204
428 405.0381420872568012145886562
429 405.5613902310213490511054634
430 404.6983440136660062687878064
431 402.9722515789553207041524923
432 406.6078865185504447241390778
433 409.0406771671994310160071565
434 407.1311346623149925606558850
435 405.7448403011951019418214208
436 404.3585459400752113229869566
437 400.7229110004800873030003711
438 401.2461591442446351395171783
439 401.0627090740708822488012208
440 399.1531665691864437934499494
441 400.0162127865417865757676064
442 400.5394609303063344122844136
443 396.9909525250862993415848595
444 398.3772468862061899604193237
445 397.8539987424416421239025165
446 398.1066702816573481204163349
447 398.1066702816573481204163349
448 396.7203759205374575015818707
449 397.2436240643020053380986779
450 396.7203759205374575015818707
451 398.1066702816573481204163349
452 398.1066702816573481204163349
453 398.1066702816573481204163349
454 401.9257552914262250311188779
455 399.9469913174998334699697454
456 401.3332856786197240888042096
457 403.5826262570949574899563309
458 404.6983440136660062687878063
459 403.8352977963106634864701493
460 406.6078865185504447241390778
461 406.9476845921412396699399276
462 406.6078865185504447241390778
463 403.8352977963106634864701493
464 402.7195800397396147076386739
465 404.4456724744503002722739879
466 404.4456724744503002722739879
467 408.3339789532611302887743918
468 411.9696138928562543087609774
469 411.1065676755009115264433203
470 411.6298158192654593629601276
471 412.1530639630300071994769348
472 412.1530639630300071994769348
473 409.3804752407902259618080063
474 408.3339789532611302887743919
475 408.3339789532611302887743919
